19
748
308
618
675
392
824
303
711
473
572
447
452
690
715
515
683
256
705
591
915
43
486
314
869
851
141
213
625
972
331
741
902
632
522
599
734
656
285
207
7
246
846
724
198
258
539
835
991
871
55
991
223
890
285
146
426
70
448
323
504
566
997
404
259
928
26
318
868
610
560
115
739
309
403
416
404
2
842
621
142
261
898
443
120
173
981
841
725
204
328
666
334
857
954
718
558
648
160
627
49
627
725
129
757
23
87
423
899
30
149
133
183
764
796
191
26
360
617
426
833
241
400
550
374
298
955
144
820
252
47
259
337
166
688
554
124
187
261
365
701
817
438
902
860
377
514
399
105
320
469
377
283
721
414
19
804
868
886
134
633
279
132
481
48
992
174
517
162
148
10
967
343
495
75
53
265
976
463
959
401
528
477
356
950
312
564
334
28
756
750
675
760
375
715
872
242
764
186
324
19
748
308
618
675
392
824
303
711
473
572
447
452
690
715
515
683
256
705
591
915
43
486
314
869
851
141
213
625
972
331
741
902
632
522
599
734
656
285
207
7
246
846
724
198
258
539
835
991
871
55
991
223
890
285
146
426
70
448
323
504
566
997
404
259
928
26
318
868
610
560
115
739
309
403
416
404
2
842
621
142
261
898
443
120
173
981
841
725
204
328
666
334
857
954
718
558
648
160
627
49
627
725
129
757
23
87
423
899
30
149
133
183
764
796
191
26
360
617
426
833
241
400
550
374
298
955
144
820
252
47
259
337
166
688
554
124
187
261
365
701
817
438
902
860
377
514
399
105
320
469
377
283
721
414
19
804
868
886
134
633
279
132
481
48
992
174
517
162
148
10
967
343
495
75
53
265
976
463
959
401
528
477
356
950
312
564
334
28
756
750
675
760
375
715
872
242
764
186
324
