992
476
177
752
649
923
590
269
859
212
959
878
235
146
791
454
23
427
95
961
639
208
598
407
728
665
733
137
971
51
792
758
162
960
624
239
539
624
557
623
5
969
65
673
262
417
472
709
127
851
35
891
167
470
564
563
532
406
84
110
673
412
168
988
857
273
370
771
90
459
468
64
804
969
919
534
272
9
905
536
478
635
869
764
502
450
685
951
992
159
874
823
176
817
804
760
217
693
685
807
802
725
215
764
373
801
998
808
892
831
424
187
783
679
873
976
600
88
292
551
368
105
259
695
490
69
879
486
564
342
467
422
223
780
243
55
284
67
178
899
390
134
936
681
638
707
43
937
737
669
733
17
390
656
195
242
460
493
237
106
817
850
297
886
565
228
474
652
780
667
335
11
378
507
854
55
432
563
38
149
301
996
452
55
809
960
197
132
307
196
251
903
746
379
691
858
552
880
650
424
586
679
608
724
780
801
53
433
833
131
672
974
376
306
318
805
43
365
847
801
601
406
388
410
387
846
317
263
660
140
287
358
497
50
658
170
551
637
153
226
276
70
547
298
54
626
854
848
984
570
563
934
763
960
548
407
769
623
234
63
69
805
451
835
510
416
713
634
129
490
478
623
38
66
411
644
875
184
368
852
501
685
718
461
158
973
808
953
432
314
631
712
471
102
644
43
140
972
609
567
389
4
465
555
954
465
734
880
235
953
449
853
30
896
427
60
316
777
762
37
211
779
992
332
350
683
14
641
816
468
733
860
759
832
677
843
429
265
806
570
699
888
244
878
574
769
328
110
155
57
744
790
166
766
1
337
486
505
915
90
869
546
795
943
716
105
214
171
147
836
480
79
261
970
517
852
553
618
31
631
502
769
46
561
886
198
341
834
971
124
105
354
712
323
309
892
374
843
152
647
550
943
264
970
702
34
784
195
597
160
157
259
856
75
438
186
415
889
234
355
466
62
387
972
92
260
856
493
58
475
712
138
549
318
810
638
482
772
874
998
827
240
806
439
631
790
926
485
612
273
642
729
133
62
189
325
534
151
703
792
372
53
641
193
634
173
465
817
542
637
270
842
673
180
309
597
805
587
329
365
658
92
850
86
169
989
836
449
434
641
848
639
8
339
271
439
57
344
403
846
236
912
528
706
483
865
607
243
880
544
860
671
708
796
893
792
546
633
859
99
59
334
885
968
130
372
847
217
647
763
626
818
233
42
885
59
236
386
665
100
131
281
826
710
159
734
601
674
813
861
598
960
317
129
483
310
718
465
876
635
864
337
851
191
730
718
63
633
417
885
212
108
514
720
271
639
822
878
712
64
940
606
953
916
893
624
390
261
489
880
458
265
495
696
617
282
441
225
557
248
462
197
127
463
168
628
799
286
190
624
439
902
157
623
905
706
815
510
41
137
845
581
174
614
56
82
457
520
563
61
528
803
125
637
781
522
91
406
686
14
722
432
162
648
658
317
57
887
782
262
818
703
447
226
354
774
424
725
464
980
805
545
302
78
189
763
137
95
534
100
473
676
223
242
268
738
193
507
134
751
998
662
731
609
644
166
324
367
707
763
968
874
385
558
882
999
672
801
416
612
573
698
843
532
889
322
962
833
100
333
202
677
117
952
169
965
294
698
208
139
868
929
693
190
757
522
832
760
978
117
502
316
220
650
689
922
91
356
793
680
761
328
963
94
908
57
775
446
203
932
112
327
240
395
837
821
347
865
116
718
904
937
566
683
647
811
54
73
833
259
386
475
850
567
188
446
714
102
627
296
717
40
346
318
322
597
490
81
25
118
427
436
798
226
790
525
898
46
22
125
1000
773
740
6
653
879
858
840
192
153
655
519
826
89
25
317
935
931
545
704
530
645
880
847
599
764
56
662
9
697
781
252
868
540
290
477
532
3
463
465
445
975
960
256
700
347
345
720
602
257
982
884
921
275
311
979
551
315
577
931
136
232
871
384
464
725
831
764
813
639
641
444
491
652
666
461
865
866
487
602
936
683
229
619
868
691
717
387
795
467
604
758
923
334
481
813
192
60
352
112
467
448
860
239
302
107
776
660
571
60
70
992
957
621
681
97
726
786
109
452
759
96
15
837
582
191
406
457
897
854
233
556
210
754
562
411
955
314
928
352
744
386
114
774
467
898
279
728
163
475
219
194
118
557
388
491
917
567
411
398
247
173
61
379
701
735
57
479
797
340
212
901
426
34
328
375
849
256
371
181
742
10
748
136
333
208
256
604
652
428
122
872
317
413
354
819
562
917
988
365
